# land
# grid positions
37 24
35 23
36 25
39 18
32 18
31 20
34 21
35 18
36 18
34 22
33 24
38 18
31 18
36 23
37 26
35 21
34 23
36 22
34 26
34 18
38 25
32 19
31 23
35 22
32 22
36 21
31 19
32 23
39 19
35 20
31 21
32 20
31 22
31 24
31 25
31 26
34 24
32 21
32 24
34 20
32 25
39 26
32 26
33 18
37 22
33 19
37 19
33 20
33 21
33 22
37 18
33 23
35 19
33 25
39 23
37 25
33 26
34 19
34 25
37 20
36 24
35 24
35 25
36 26
35 26
39 20
36 19
38 19
36 20
37 21
37 23
38 20
38 21
38 22
38 23
38 24
38 26
39 21
39 22
39 24
39 25
# default color
65 195 10
# id
0
# prosperity
100
# core prosperity
100
# terrain id
0
# culture id
-1

# land
# grid positions
43 22
39 15
38 15
40 16
43 21
41 19
38 16
40 17
38 17
39 16
46 19
45 21
41 22
40 21
39 17
40 15
46 17
45 19
41 20
44 17
40 18
44 22
40 19
46 18
40 20
42 15
41 23
40 22
44 18
40 23
42 23
41 15
45 23
41 16
45 20
41 17
43 15
43 20
41 18
41 21
46 16
44 21
45 16
42 21
46 15
42 16
42 17
42 18
44 15
42 19
42 20
46 21
45 15
42 22
43 16
45 18
43 17
43 18
43 19
43 23
44 16
44 19
45 17
44 20
45 22
44 23
46 20
46 22
46 23
# default color
65 195 10
# id
1
# prosperity
100
# core prosperity
100
# terrain id
0
# culture id
-1

# land
# grid positions
30 18
31 12
30 10
34 10
31 15
30 11
36 15
34 15
30 12
36 12
30 13
36 13
32 14
30 14
32 15
30 15
30 16
30 17
32 16
31 10
31 11
31 13
35 17
31 14
31 16
31 17
36 17
32 10
32 11
32 12
32 13
32 17
33 10
37 14
33 11
37 11
33 12
33 13
34 12
33 14
37 10
33 15
35 10
33 16
35 11
33 17
34 11
34 13
34 14
36 16
35 16
34 16
34 17
35 12
35 13
35 14
37 16
35 15
36 10
36 11
36 14
37 12
37 13
37 15
37 17
38 10
38 11
38 12
38 13
38 14
# default color
65 195 10
# id
2
# prosperity
100
# core prosperity
100
# terrain id
0
# culture id
-1

# land
# grid positions
39 27
38 27
41 31
38 28
40 29
46 27
38 29
45 28
38 30
41 25
39 28
38 31
40 32
38 32
39 29
39 30
39 31
39 32
42 27
40 24
42 24
40 25
44 25
42 25
40 26
44 30
40 27
42 30
40 28
40 30
42 26
44 26
40 31
45 31
41 24
47 27
43 28
41 26
43 29
41 27
45 27
41 28
45 24
41 29
45 29
41 30
47 29
43 30
41 32
44 24
42 28
42 29
44 27
42 31
44 28
42 32
47 31
43 24
45 26
43 25
43 26
43 27
43 31
44 32
43 32
44 29
44 31
45 25
45 30
45 32
46 24
46 25
46 26
46 28
46 29
46 30
46 31
46 32
47 24
47 25
47 26
47 28
47 30
47 32
# default color
65 195 10
# id
3
# prosperity
100
# core prosperity
100
# terrain id
0
# culture id
-1

# land
# grid positions
31 33
28 34
28 26
30 26
28 27
28 28
34 27
30 32
28 29
28 30
28 31
28 32
32 32
28 33
31 28
29 26
29 27
33 31
30 28
29 28
33 28
36 30
29 29
29 30
36 28
29 31
34 28
30 29
33 30
31 30
29 32
35 34
31 27
29 33
29 34
30 27
32 30
30 30
32 31
30 31
30 33
32 34
30 34
31 29
31 31
31 32
31 34
32 27
33 27
32 28
32 29
32 33
33 29
33 32
35 27
33 33
33 34
34 29
34 30
34 31
35 32
34 32
34 33
34 34
35 28
38 34
35 29
35 31
35 33
33 35
36 27
36 29
36 31
36 32
36 33
36 34
35 30
37 27
37 28
37 29
37 30
37 31
37 32
37 33
38 33
39 33
33 36
34 35
34 36
35 35
35 36
36 35
36 36
37 34
37 35
37 36
38 35
38 36
39 34
39 35
39 36
# default color
65 195 10
# id
4
# prosperity
100
# core prosperity
100
# terrain id
0
# culture id
-1

# land
# grid positions
47 35
40 33
43 36
41 34
41 33
45 36
44 33
43 39
40 34
47 37
40 35
44 38
43 38
46 34
40 36
40 37
46 35
47 38
40 38
47 33
40 39
44 34
43 37
41 35
45 35
41 36
41 37
45 37
41 38
41 39
46 36
42 33
42 34
42 35
42 36
44 37
42 37
42 38
46 37
42 39
47 36
45 34
44 35
43 33
48 37
43 34
48 36
43 35
46 39
44 36
46 38
44 39
45 33
45 38
45 39
46 33
48 32
47 34
47 39
48 31
48 33
48 34
48 35
48 38
48 39
# default color
65 195 10
# id
5
# prosperity
100
# core prosperity
100
# terrain id
0
# culture id
-1

# land
# grid positions
28 24
24 29
22 29
22 21
22 22
24 27
22 23
25 27
22 24
27 29
24 25
22 25
27 19
29 24
22 26
28 18
22 27
22 28
29 25
27 28
23 21
25 26
24 28
23 22
25 24
27 22
23 23
23 24
25 22
24 21
23 25
23 26
25 20
23 27
23 28
25 18
23 29
28 21
26 21
25 29
24 22
23 19
25 28
30 25
24 23
24 24
24 26
26 29
25 21
26 23
29 18
25 23
25 25
27 23
28 22
26 22
26 24
29 20
26 25
26 26
26 27
29 21
26 28
25 19
29 22
28 23
27 21
27 25
27 26
27 27
23 20
28 25
30 21
29 23
30 22
30 23
30 24
24 19
24 20
26 19
26 20
27 20
27 24
28 19
28 20
29 19
30 19
30 20
23 18
24 18
26 18
27 18
# default color
65 195 10
# id
6
# prosperity
100
# core prosperity
100
# terrain id
0
# culture id
-1

# land
# grid positions
49 24
47 19
53 24
47 20
47 21
52 19
54 30
50 19
48 20
56 26
49 27
47 22
52 22
48 19
53 27
55 29
47 23
48 21
48 22
54 29
48 23
48 24
48 25
48 26
52 25
48 27
49 19
49 20
49 21
53 21
49 22
56 22
49 23
55 30
51 19
49 25
49 26
49 30
51 20
50 20
50 21
50 22
52 23
50 23
50 24
50 25
53 20
52 21
50 27
53 22
51 21
49 28
53 19
51 22
49 29
51 23
51 24
51 25
51 26
51 27
52 20
48 29
52 24
48 28
52 27
53 23
53 25
53 26
48 30
50 26
50 28
50 29
50 30
51 28
51 29
51 30
52 28
52 29
52 30
53 28
53 29
53 30
54 22
54 23
54 24
54 25
54 26
54 27
54 28
52 26
55 22
55 23
55 24
55 25
55 26
55 27
55 28
56 23
56 24
56 25
56 27
56 28
56 29
56 30
# default color
65 195 10
# id
7
# prosperity
100
# core prosperity
100
# terrain id
0
# culture id
-1

# land
# grid positions
46 7
39 13
39 5
41 7
39 6
39 7
39 8
39 9
39 10
43 10
39 11
39 12
40 5
47 6
45 8
46 8
40 6
41 13
45 11
40 7
41 12
43 13
42 11
41 11
40 8
47 11
43 12
42 8
41 10
40 9
44 9
40 10
42 9
42 14
40 11
40 12
41 14
45 13
40 13
41 5
45 5
41 6
44 6
41 8
43 6
45 12
41 9
43 7
44 5
42 5
46 5
42 6
42 7
47 9
42 10
44 10
44 8
43 8
42 12
43 11
42 13
43 5
45 10
44 11
43 9
46 6
44 7
45 9
44 12
45 6
45 7
46 9
46 10
46 11
46 12
46 13
47 5
47 7
47 8
47 10
47 12
44 14
47 13
39 14
40 14
43 14
44 13
45 14
# default color
65 195 10
# id
8
# prosperity
100
# core prosperity
100
# terrain id
0
# culture id
-1

# land
# grid positions
54 12
53 12
52 13
48 6
49 9
46 14
48 14
52 11
49 11
48 12
54 14
53 14
47 14
48 7
50 6
54 13
53 10
48 8
51 13
52 12
48 9
51 12
53 8
52 9
48 10
53 11
52 14
51 14
48 11
52 8
48 13
49 10
49 6
49 7
52 10
49 8
54 9
52 6
51 6
49 12
54 8
51 7
49 13
54 11
53 13
49 14
50 7
54 7
50 8
50 9
50 10
50 11
53 6
50 12
50 13
50 14
51 8
51 9
51 10
51 11
54 10
52 7
53 7
53 9
54 6
# default color
65 195 10
# id
9
# prosperity
100
# core prosperity
100
# terrain id
0
# culture id
-1

# land
# grid positions
56 13
55 17
49 16
54 21
48 15
50 15
49 15
56 14
48 16
48 17
52 17
48 18
49 17
50 16
49 18
50 17
56 17
50 18
56 16
54 16
51 15
47 17
51 16
51 17
51 18
54 18
52 15
52 16
52 18
53 15
53 16
55 15
53 17
47 18
53 18
54 15
55 13
54 17
54 19
56 20
55 14
54 20
55 16
55 18
55 19
55 20
55 21
56 15
56 18
56 19
56 21
47 15
47 16
# default color
65 195 10
# id
10
# prosperity
100
# core prosperity
100
# terrain id
0
# culture id
-1

# land
# grid positions
57 21
57 13
63 15
61 21
57 14
57 15
63 21
59 14
57 16
60 17
57 17
59 15
61 17
60 20
59 20
57 18
64 14
59 21
57 19
57 20
58 13
62 16
60 13
62 21
60 14
58 14
58 15
63 19
58 16
58 17
59 18
63 17
60 18
58 18
63 16
58 19
58 20
58 21
61 14
59 13
59 16
59 17
59 19
60 15
62 19
60 16
60 19
63 20
61 18
62 18
61 16
63 14
60 21
61 13
61 15
64 13
61 19
61 20
62 13
62 14
62 15
62 17
62 20
63 13
63 18
64 15
64 16
64 17
64 18
64 19
64 20
64 21
# default color
65 195 10
# id
11
# prosperity
100
# core prosperity
100
# terrain id
0
# culture id
-1

# land
# grid positions
55 6
62 5
55 7
61 7
60 5
62 8
56 6
61 8
55 8
55 9
57 11
55 10
62 9
58 10
56 7
55 11
56 10
55 12
56 8
60 12
56 9
56 11
62 10
60 11
56 12
57 6
57 7
57 8
59 6
57 9
59 7
61 9
59 12
57 10
57 12
58 6
58 7
58 8
60 9
58 9
60 7
58 11
62 11
60 8
58 12
59 8
59 9
60 10
59 10
59 11
60 6
59 5
61 6
61 10
61 11
61 12
62 6
55 5
62 7
62 12
56 5
54 5
57 5
58 5
61 5
54 4
55 4
56 4
57 4
58 4
59 4
60 4
62 4
61 4
# default color
65 195 10
# id
12
# prosperity
100
# core prosperity
100
# terrain id
0
# culture id
-1

# land
# grid positions
46 0
51 0
47 1
46 1
46 2
46 3
48 0
47 2
53 2
51 5
54 2
46 4
47 0
51 3
47 3
51 2
45 2
47 4
52 4
51 4
50 4
48 1
53 0
52 1
48 2
53 3
48 3
52 3
49 3
48 4
52 0
50 0
49 2
48 5
52 2
49 0
49 1
49 4
49 5
50 1
49 -1
50 2
54 1
48 -1
50 3
50 5
51 1
53 -1
52 5
53 1
54 -1
53 4
53 5
54 0
54 3
46 -1
47 -1
52 -1
51 -1
50 -1
45 -1
45 0
45 1
45 3
45 4
45 -2
46 -2
47 -2
48 -2
49 -2
50 -2
51 -2
52 -2
53 -2
# default color
65 195 10
# id
13
# prosperity
100
# core prosperity
100
# terrain id
0
# culture id
-1

# land
# grid positions
37 5
43 2
37 -2
44 3
43 1
34 9
37 4
37 -1
36 1
41 3
33 5
38 0
40 0
37 0
37 1
33 7
38 2
37 2
43 -1
38 1
37 3
44 1
40 2
37 6
38 -2
38 -1
38 3
38 4
38 5
38 6
43 4
39 -2
41 2
40 1
36 3
39 -1
44 -2
42 -2
39 0
35 2
39 1
39 2
41 -1
39 3
41 1
39 4
36 2
40 -2
40 -1
34 8
40 3
34 1
40 4
41 -2
36 0
41 0
41 4
42 -1
42 0
42 1
34 4
42 2
42 3
42 4
43 -2
44 0
43 0
43 3
38 9
44 -1
36 -1
44 2
44 4
33 6
36 4
33 1
36 5
36 6
36 7
37 7
38 7
36 8
37 8
38 8
36 9
37 9
35 1
35 3
35 4
35 5
35 6
35 7
35 8
35 9
34 2
34 3
34 5
34 6
34 7
34 0
35 0
33 0
33 2
33 3
33 4
33 8
# default color
65 195 10
# id
14
# prosperity
100
# core prosperity
100
# terrain id
0
# culture id
-1

# land
# grid positions
55 -1
60 1
54 -3
57 1
53 -3
55 1
56 -2
54 -2
55 -3
62 -4
55 -2
58 -2
55 0
55 2
55 3
56 -3
61 0
60 -2
56 -1
61 2
61 -3
59 -2
56 0
59 -1
56 1
59 -4
56 2
59 -3
56 3
53 -4
60 0
57 -3
57 -2
57 -1
54 -4
57 0
60 -3
57 2
60 -1
61 1
60 -4
57 3
64 1
58 -3
64 3
58 -1
58 0
58 1
60 2
58 2
58 3
59 0
59 1
59 2
59 3
60 3
57 -4
61 -2
62 -1
61 -1
56 -4
61 3
62 -2
61 -4
55 -4
58 -4
62 -3
62 0
62 1
63 -1
62 2
62 3
54 -5
55 -5
56 -5
57 -5
58 -5
63 -4
59 -5
60 -5
61 -5
62 -5
63 -5
63 -3
63 -2
63 0
63 1
63 2
63 3
64 -5
64 -4
64 -3
64 -2
64 -1
64 0
64 2
# default color
65 195 10
# id
15
# prosperity
100
# core prosperity
100
# terrain id
0
# culture id
-1

# land
# grid positions
65 0
73 -3
65 -5
71 -5
66 7
68 -4
65 -4
68 -1
66 -1
65 -3
65 -2
71 -2
68 -3
65 -1
68 5
65 1
64 5
69 1
65 2
69 6
64 4
65 3
66 -5
68 -5
67 -5
69 2
70 2
66 -4
70 -2
72 -2
66 -3
65 5
66 -2
68 1
70 0
69 0
66 0
72 4
66 1
70 -1
66 2
70 -3
66 3
67 -4
67 -3
67 -2
67 -1
68 0
67 0
71 4
68 3
67 1
71 1
68 2
67 2
67 3
69 -1
68 -2
69 -5
69 -4
69 -3
69 -2
70 1
69 3
63 4
70 -5
70 -4
70 3
71 -4
71 -3
71 -1
71 0
71 2
71 3
68 6
65 4
66 4
67 4
65 6
68 4
64 6
69 4
72 -1
70 4
72 -4
72 -3
72 0
72 1
72 2
72 3
73 -4
73 -2
73 -1
73 0
73 1
73 2
73 3
69 5
73 4
63 5
63 6
63 7
69 7
64 7
68 7
65 7
66 5
66 6
67 5
67 6
67 7
70 5
70 6
70 7
# default color
65 195 10
# id
16
# prosperity
100
# core prosperity
100
# terrain id
0
# culture id
-1

# land
# grid positions
66 -8
62 -13
62 -12
63 -13
62 -11
66 -9
62 -10
62 -9
62 -8
61 -7
62 -7
62 -6
63 -12
69 -11
64 -9
63 -11
63 -10
63 -9
63 -8
66 -12
69 -7
63 -7
69 -6
65 -7
63 -6
68 -12
65 -12
64 -13
69 -12
64 -12
69 -9
68 -10
64 -11
68 -13
67 -13
64 -10
66 -7
64 -8
70 -13
69 -13
64 -7
69 -10
64 -6
68 -7
67 -7
65 -13
68 -9
65 -11
65 -10
68 -11
65 -9
65 -8
65 -6
66 -13
66 -11
66 -10
66 -6
67 -12
67 -11
67 -10
67 -9
67 -8
68 -8
67 -6
68 -6
69 -8
70 -12
70 -11
70 -10
70 -9
70 -8
70 -7
70 -6
61 -13
61 -12
61 -11
61 -10
61 -9
61 -8
61 -6
# default color
65 195 10
# id
17
# prosperity
100
# core prosperity
100
# terrain id
0
# culture id
-1

# land
# grid positions
58 -13
62 -20
58 -21
58 -20
62 -15
60 -16
58 -19
62 -21
58 -18
58 -17
62 -16
60 -13
58 -16
62 -19
60 -15
58 -15
58 -14
64 -16
63 -20
59 -21
59 -20
59 -19
60 -20
63 -21
61 -19
59 -18
65 -21
60 -17
59 -17
64 -17
61 -21
59 -16
64 -18
63 -14
59 -15
59 -14
61 -18
59 -13
65 -17
60 -21
64 -14
63 -18
60 -19
60 -18
60 -14
61 -20
64 -21
63 -15
61 -17
61 -16
61 -15
61 -14
62 -18
65 -19
65 -20
62 -17
62 -14
65 -16
63 -19
64 -15
63 -17
64 -20
63 -16
64 -19
65 -18
65 -15
65 -14
66 -21
66 -20
66 -19
66 -18
66 -17
66 -16
66 -15
66 -14
58 -12
59 -12
60 -12
# default color
65 195 10
# id
18
# prosperity
100
# core prosperity
100
# terrain id
0
# culture id
-1

# land
# grid positions
54 -13
54 -12
54 -11
54 -10
54 -9
56 -12
54 -8
55 -13
54 -7
60 -9
54 -6
55 -12
55 -11
55 -10
55 -9
55 -8
55 -7
55 -6
56 -13
60 -10
58 -10
56 -11
58 -9
56 -10
56 -9
56 -8
56 -7
57 -7
56 -6
57 -13
57 -12
57 -11
59 -8
57 -10
59 -7
57 -9
57 -8
60 -6
58 -6
57 -6
60 -11
58 -11
58 -8
58 -7
59 -11
59 -10
59 -9
59 -6
60 -8
60 -7
# default color
65 195 10
# id
19
# prosperity
100
# core prosperity
100
# terrain id
0
# culture id
-1

# land
# grid positions
68 -19
67 -19
67 -18
68 -17
67 -17
68 -18
72 -17
70 -17
67 -16
71 -14
70 -18
68 -15
67 -15
70 -19
68 -16
67 -14
68 -14
69 -19
71 -16
69 -18
71 -11
69 -17
70 -14
69 -16
72 -19
70 -15
69 -15
69 -14
70 -16
71 -19
72 -14
71 -18
71 -17
71 -15
72 -11
71 -13
72 -16
71 -12
72 -18
72 -15
72 -13
72 -12
# default color
65 195 10
# id
20
# prosperity
100
# core prosperity
100
# terrain id
0
# culture id
-1

# land
# grid positions
74 -5
71 -10
78 -9
76 -6
72 -7
79 -7
77 -9
71 -9
78 -6
77 -8
71 -8
71 -7
76 -13
72 -10
78 -8
71 -6
72 -9
72 -8
78 -10
74 -11
72 -6
72 -5
73 -13
73 -12
77 -10
75 -13
73 -11
75 -8
73 -10
75 -7
73 -9
73 -8
73 -7
73 -6
73 -5
76 -9
78 -12
74 -13
76 -8
74 -12
76 -10
74 -10
76 -5
74 -9
74 -8
74 -7
74 -6
75 -12
76 -11
75 -11
75 -10
75 -9
75 -6
77 -7
75 -5
78 -11
76 -12
76 -7
77 -13
77 -12
77 -11
77 -6
78 -5
77 -5
78 -13
78 -7
79 -13
79 -12
79 -11
79 -10
79 -9
79 -8
79 -6
79 -5
# default color
65 195 10
# id
21
# prosperity
100
# core prosperity
100
# terrain id
0
# culture id
-1

# land
# grid positions
75 1
79 4
77 2
74 -4
74 -3
76 -3
74 -2
75 3
79 -4
76 0
74 4
75 0
74 -1
75 -1
74 0
81 -4
74 1
76 1
75 -4
76 2
74 2
75 -2
74 3
81 -3
75 -3
79 -2
75 2
79 3
75 4
80 -3
78 -3
76 -4
80 -1
77 0
76 -2
80 -4
76 -1
78 -4
81 0
77 1
81 -2
79 -1
76 3
76 4
80 1
77 -4
77 -3
80 3
78 3
77 -2
80 0
77 -1
80 -2
81 2
77 3
77 4
78 -2
78 -1
78 0
80 4
78 1
80 2
78 2
78 4
79 -3
79 0
79 1
79 2
81 -1
81 1
81 3
81 4
# default color
65 195 10
# id
22
# prosperity
100
# core prosperity
100
# terrain id
0
# culture id
-1

# land
# grid positions
71 5
79 12
77 10
71 6
76 11
75 9
71 7
77 8
71 8
74 12
72 5
78 11
71 9
75 5
71 10
71 11
78 9
72 7
77 12
75 7
73 9
71 12
72 6
78 8
73 11
72 8
79 11
75 12
73 10
72 9
76 9
72 10
72 11
78 10
74 7
72 12
73 5
77 5
73 6
73 7
79 5
73 8
75 6
77 11
73 12
74 5
76 6
74 6
78 7
74 8
78 12
74 9
74 10
76 7
78 6
74 11
76 8
75 8
75 10
75 11
76 5
76 10
76 12
77 6
77 7
77 9
78 5
79 6
79 7
79 8
79 9
79 10
# default color
65 195 10
# id
23
# prosperity
100
# core prosperity
100
# terrain id
0
# culture id
-1

# land
# grid positions
80 5
86 12
80 6
80 7
80 8
85 10
82 12
80 9
83 12
84 12
81 5
85 8
84 9
80 10
85 11
80 11
81 11
84 11
80 12
85 5
81 6
81 7
84 10
81 8
81 9
81 10
84 8
82 8
83 6
87 5
81 12
82 4
82 5
83 10
82 6
82 7
82 9
86 9
84 6
82 10
82 11
83 4
83 5
83 7
83 8
83 9
83 11
86 11
84 4
84 5
86 4
86 10
84 7
85 4
85 6
85 7
87 7
85 9
87 6
85 12
86 5
86 6
86 7
86 8
87 4
87 8
87 9
87 10
87 11
87 12
# default color
65 195 10
# id
24
# prosperity
100
# core prosperity
100
# terrain id
0
# culture id
-1

# land
# grid positions
81 17
75 13
80 17
79 13
75 14
76 14
80 16
75 15
83 14
76 16
75 16
83 15
77 18
76 19
75 17
82 16
75 18
83 17
76 13
75 19
83 19
78 14
76 15
83 13
76 17
80 13
79 17
76 18
77 13
77 14
77 15
81 19
79 14
78 16
77 16
81 16
77 17
81 18
78 17
77 19
78 13
83 18
78 15
80 18
78 18
80 19
79 15
78 19
80 14
79 16
79 18
82 14
80 15
79 19
81 13
81 14
81 15
82 13
82 15
82 17
82 18
82 19
83 16
# default color
65 195 10
# id
25
# prosperity
100
# core prosperity
100
# terrain id
0
# culture id
-1

# land
# grid positions
81 21
79 20
85 21
86 19
79 21
81 22
87 20
84 19
80 20
85 22
86 22
79 22
79 23
81 20
79 24
85 25
80 21
79 25
83 24
79 26
85 26
80 22
84 18
80 23
80 24
80 25
84 25
80 26
86 18
81 23
81 24
81 25
82 24
81 26
82 20
82 21
83 26
82 22
82 23
82 25
82 26
83 20
84 20
83 21
86 26
84 23
85 18
86 25
87 21
83 22
85 19
84 22
86 24
83 23
83 25
84 21
86 20
85 20
84 24
84 26
86 21
85 23
85 24
87 18
86 23
87 19
87 22
87 23
87 24
87 25
87 26
# default color
65 195 10
# id
26
# prosperity
100
# core prosperity
100
# terrain id
0
# culture id
-1

# land
# grid positions
94 25
88 23
87 27
86 27
86 28
88 28
94 26
93 26
92 27
88 20
90 23
93 28
87 28
90 20
88 21
94 24
92 21
90 21
88 22
88 24
89 27
88 25
92 28
93 25
91 28
89 26
88 26
88 27
89 20
89 21
89 22
89 23
91 22
89 24
91 23
92 25
89 25
89 28
92 22
90 22
90 24
94 20
90 25
92 26
91 26
90 26
90 27
90 28
91 20
91 21
93 22
91 24
91 25
91 27
92 20
92 23
92 24
93 20
93 21
93 23
93 24
93 27
94 21
94 22
94 23
94 27
94 28
# default color
65 195 10
# id
27
# prosperity
100
# core prosperity
100
# terrain id
0
# culture id
-1

# land
# grid positions
101 27
97 28
99 22
93 29
95 23
98 28
95 21
94 29
100 28
95 22
95 24
95 25
95 26
95 27
95 28
95 29
96 21
100 21
98 25
96 22
101 23
96 23
98 23
96 24
96 25
98 21
96 26
96 27
96 28
96 29
97 21
101 29
97 22
100 23
97 23
98 22
97 24
101 28
97 25
101 25
97 26
97 27
101 24
97 29
99 23
98 24
98 26
98 27
101 22
100 25
98 29
101 26
99 21
99 24
99 25
99 26
99 27
99 28
99 29
100 22
100 24
100 26
100 27
100 29
101 21
# default color
65 195 10
# id
28
# prosperity
100
# core prosperity
100
# terrain id
0
# culture id
-1

# land
# grid positions
94 31
87 29
87 30
87 31
94 32
92 29
88 30
87 32
95 31
89 30
88 29
91 32
87 33
87 34
93 35
87 35
94 33
90 34
88 31
89 35
88 32
93 33
89 34
88 33
88 34
88 35
89 29
89 31
91 30
89 32
92 33
91 31
90 33
89 33
91 35
90 29
90 30
91 33
90 31
90 32
93 30
92 31
91 29
90 35
95 33
91 34
92 30
94 35
92 32
92 34
94 34
93 34
92 35
93 31
95 30
93 32
94 30
95 32
95 34
95 35
# default color
65 195 10
# id
29
# prosperity
100
# core prosperity
100
# terrain id
0
# culture id
-1

# land
# grid positions
81 32
79 27
85 32
79 28
79 29
79 30
86 33
84 30
80 27
79 31
79 32
85 33
79 33
79 34
84 27
82 27
80 28
80 29
80 30
80 31
80 32
80 33
84 33
80 34
81 27
81 28
81 29
85 29
81 30
81 31
83 27
81 33
81 34
83 28
82 28
86 32
82 29
82 30
86 34
84 31
82 31
82 32
85 28
84 29
82 33
82 34
83 29
85 27
83 30
83 31
83 32
83 33
83 34
84 28
84 32
84 34
86 30
85 30
86 29
85 31
85 34
86 31
# default color
65 195 10
# id
30
# prosperity
100
# core prosperity
100
# terrain id
0
# culture id
-1

# land
# grid positions
78 27
77 29
72 29
77 21
74 28
73 22
72 21
78 24
77 24
76 29
74 29
73 29
72 22
78 25
77 27
73 28
72 23
72 24
72 25
76 25
72 26
72 27
78 26
74 23
72 28
76 21
73 21
73 23
76 22
75 22
74 22
73 24
77 28
75 23
73 25
75 28
73 26
75 29
73 27
74 21
78 23
74 24
78 28
74 25
74 26
78 22
77 22
76 23
74 27
75 21
75 24
77 26
75 25
75 26
75 27
76 24
76 26
76 27
77 25
76 28
78 29
77 23
78 21
# default color
65 195 10
# id
31
# prosperity
100
# core prosperity
100
# terrain id
0
# culture id
-1

# land
# grid positions
92 15
96 19
94 19
92 16
96 16
92 17
95 17
92 18
95 20
93 18
96 18
94 18
92 19
93 15
99 17
93 16
99 18
93 17
99 16
98 16
93 19
96 15
94 15
94 16
94 17
95 15
95 16
95 18
95 19
96 17
97 19
96 20
100 15
97 15
97 16
97 17
97 18
97 20
98 15
98 17
98 18
100 19
98 19
98 20
100 17
99 15
99 19
99 20
100 16
100 18
100 20
# default color
65 195 10
# id
32
# prosperity
100
# core prosperity
100
# terrain id
0
# culture id
-1

# land
# grid positions
26 13
30 8
28 5
26 5
28 6
26 6
26 7
26 8
32 8
26 9
31 9
28 10
27 10
26 10
31 8
26 11
26 12
33 9
29 6
27 5
27 6
28 9
27 7
27 8
27 9
27 11
29 9
28 12
27 12
27 13
28 7
28 8
29 10
28 11
31 6
29 8
28 13
29 5
29 7
29 11
29 12
31 7
29 13
32 9
30 5
30 6
30 7
30 9
31 5
32 5
32 6
32 7
# default color
65 195 10
# id
33
# prosperity
100
# core prosperity
100
# terrain id
0
# culture id
-1

# land
# grid positions
20 9
18 13
18 5
19 10
18 6
18 7
18 8
18 9
18 10
24 9
20 11
18 11
24 7
19 12
18 12
19 5
22 10
20 7
23 5
22 9
19 6
20 6
19 7
24 8
25 11
22 8
19 8
19 9
19 11
21 10
19 13
20 5
20 8
25 6
20 10
20 12
24 12
20 13
23 6
21 12
22 12
21 5
24 10
22 6
21 6
22 5
21 7
21 8
23 7
21 9
23 13
21 11
22 11
21 13
22 7
22 13
25 5
23 8
24 5
23 9
23 10
23 11
23 12
24 6
24 11
24 13
25 7
25 8
25 9
25 10
25 12
25 13
# default color
65 195 10
# id
34
# prosperity
100
# core prosperity
100
# terrain id
0
# culture id
-1

# land
# grid positions
14 13
13 7
10 14
17 6
12 6
11 6
10 6
10 7
14 10
16 7
10 8
14 7
14 12
10 9
10 10
16 6
10 11
13 6
14 6
12 7
17 12
10 12
15 6
14 8
12 13
13 8
10 13
17 7
13 12
11 7
11 8
15 12
13 10
11 9
11 10
11 11
15 11
11 12
15 8
11 13
15 13
11 14
12 8
12 9
12 10
12 11
13 9
12 12
12 14
14 9
13 11
15 7
13 13
14 11
13 14
14 14
15 9
15 10
15 14
16 8
16 9
16 10
16 11
16 12
16 13
16 14
17 8
17 9
17 10
17 11
17 13
17 14
18 14
19 14
# default color
65 195 10
# id
35
# prosperity
100
# core prosperity
100
# terrain id
0
# culture id
-1

# land
# grid positions
3 14
9 10
7 13
5 11
3 6
8 8
5 8
3 7
9 8
4 8
3 8
7 12
4 11
3 9
9 14
8 13
7 9
4 10
3 10
7 14
3 11
9 12
8 7
7 11
3 12
7 8
3 13
4 6
4 7
9 11
6 8
4 9
6 11
4 12
4 13
8 9
6 9
4 14
5 6
5 7
7 7
5 9
8 14
5 10
7 6
5 12
5 13
8 10
5 14
6 6
6 7
6 10
6 12
6 13
6 14
7 10
9 13
8 6
8 11
8 12
9 6
9 7
9 9
# default color
65 195 10
# id
36
# prosperity
100
# core prosperity
100
# terrain id
0
# culture id
-1

# land
# grid positions
-1 8
-4 15
-5 15
-3 7
-5 7
-5 8
-4 14
-4 9
-5 9
-1 10
0 8
-5 10
-3 10
-1 15
-2 10
0 9
-1 12
-3 11
-5 11
-5 12
-4 10
-5 13
-5 14
-4 12
-1 11
-4 7
2 8
-2 9
-4 8
-4 11
0 11
-2 11
-1 14
-3 9
-4 13
-3 8
-1 9
0 10
3 15
-2 8
0 14
-3 12
-3 13
0 15
0 12
-3 14
0 13
-3 15
1 8
-2 7
-1 13
-2 12
1 14
-2 13
-2 14
-2 15
-1 7
0 7
1 7
1 9
1 10
1 11
1 12
1 13
1 15
2 7
2 9
2 10
2 11
2 12
2 13
2 14
2 15
# default color
65 195 10
# id
37
# prosperity
100
# core prosperity
100
# terrain id
0
# culture id
-1

# land
# grid positions
-11 16
-13 16
-6 9
-13 8
-6 8
-13 9
-12 16
-13 10
-13 11
-13 12
-8 11
-7 10
-8 10
-11 13
-13 13
-5 16
-7 11
-13 14
-7 8
-13 15
-12 8
-12 9
-12 10
-12 11
-10 10
-12 12
-12 13
-10 16
-12 14
-12 15
-9 13
-11 8
-7 14
-11 9
-11 10
-11 11
-11 12
-9 15
-11 14
-7 12
-8 16
-9 12
-11 15
-7 9
-10 8
-10 9
-10 11
-7 13
-10 12
-10 13
-7 15
-10 14
-10 15
-9 8
-6 13
-9 9
-9 10
-9 11
-9 14
-9 16
-8 8
-8 9
-7 16
-8 12
-8 13
-8 14
-8 15
-6 10
-6 11
-6 12
-6 14
-6 15
-6 16
# default color
65 195 10
# id
38
# prosperity
100
# core prosperity
100
# terrain id
0
# culture id
-1

# land
# grid positions
13 21
5 15
5 16
6 16
8 19
6 15
13 15
7 15
5 17
6 18
5 18
7 21
6 17
5 19
5 20
13 19
9 20
5 21
6 19
6 20
8 21
6 21
11 19
7 16
7 17
7 18
7 19
7 20
8 15
10 19
8 16
10 16
8 17
12 17
10 17
8 18
8 20
9 15
9 16
13 20
11 15
9 17
11 20
9 18
11 21
9 19
13 16
9 21
10 15
12 18
10 18
12 16
10 20
10 21
11 16
13 18
11 17
11 18
12 15
12 19
12 20
12 21
13 17
# default color
65 195 10
# id
39
# prosperity
100
# core prosperity
100
# terrain id
0
# culture id
-1

# land
# grid positions
-4 17
-3 21
1 16
-5 17
-4 16
-5 18
-5 19
4 17
-5 20
1 21
-4 18
1 20
-5 21
1 19
0 20
-3 22
-5 22
-4 19
-4 20
-2 19
-1 22
3 22
-3 17
0 19
-4 21
-4 22
-2 16
0 18
-3 16
-1 17
0 16
3 21
-2 18
-3 18
-3 19
3 20
-1 20
0 17
1 17
0 22
4 21
-3 20
4 16
3 16
-2 17
3 19
-1 21
-2 20
2 20
-2 21
1 22
3 17
-2 22
-1 16
-1 18
-1 19
1 18
0 21
2 16
2 17
2 18
2 19
2 21
2 22
3 18
4 15
4 18
4 19
4 20
4 22
5 22
# default color
65 195 10
# id
40
# prosperity
100
# core prosperity
100
# terrain id
0
# culture id
-1

# land
# grid positions
-9 18
-12 17
-10 19
-13 17
-9 23
-11 22
-13 18
-10 17
-13 19
-7 21
-12 18
-6 21
-9 17
-13 20
-6 20
-7 18
-13 21
-7 19
-9 19
-10 18
-12 20
-13 22
-13 23
-12 19
-9 22
-12 21
-12 22
-12 23
-11 17
-11 18
-11 19
-11 20
-8 18
-11 21
-9 20
-11 23
-10 20
-10 21
-10 22
-10 23
-9 21
-8 17
-8 19
-6 18
-8 20
-6 19
-8 21
-8 22
-8 23
-6 17
-7 17
-6 22
-7 20
-7 22
-6 23
-7 23
-5 23
# default color
65 195 10
# id
41
# prosperity
100
# core prosperity
100
# terrain id
0
# culture id
-1

# land
# grid positions
-9 24
-9 25
-6 29
-9 26
-9 27
-2 27
-4 29
-8 24
-9 28
-1 23
-7 25
-9 29
-9 30
-2 24
-8 25
-2 25
-4 23
-8 26
-2 30
-8 27
-4 25
-6 26
-8 28
-8 29
-4 30
-6 27
-8 30
-7 24
-7 26
-1 29
-7 27
-7 28
-3 30
-7 29
-2 29
-7 30
-4 27
-6 24
-4 24
-6 25
-3 23
-6 28
-6 30
-5 24
-1 26
-5 25
-5 26
-3 26
-3 27
-1 28
-5 27
-5 28
-5 29
-5 30
-1 27
-4 26
-4 28
0 26
-3 24
-1 25
-1 30
-3 25
0 30
-3 28
-2 23
-3 29
-2 26
-2 28
-1 24
0 23
0 24
0 25
0 27
0 28
0 29
# default color
65 195 10
# id
42
# prosperity
100
# core prosperity
100
# terrain id
0
# culture id
-1

# land
# grid positions
2 23
7 31
3 24
2 24
8 28
10 23
2 25
3 30
2 26
4 27
2 27
10 26
2 28
9 27
3 23
4 25
8 24
5 24
6 24
2 29
8 29
3 26
7 25
2 30
9 25
7 28
3 25
7 30
3 27
8 23
3 28
7 27
7 24
3 29
4 23
9 24
4 24
4 26
6 27
4 28
7 22
5 28
4 29
7 29
6 25
5 27
4 30
6 29
5 23
7 23
5 25
1 31
6 26
8 30
5 26
5 29
1 27
8 26
5 30
6 22
10 30
6 23
6 28
6 30
7 26
8 22
9 26
8 25
8 27
9 22
9 23
9 28
9 29
9 30
10 22
10 24
10 25
10 27
10 28
10 29
-1 31
1 24
0 31
1 23
1 25
1 26
1 28
1 29
1 30
2 31
3 31
4 31
5 31
6 31
# default color
65 195 10
# id
43
# prosperity
100
# core prosperity
100
# terrain id
0
# culture id
-1

# land
# grid positions
12 22
15 21
17 22
11 22
17 23
13 28
11 23
12 24
11 24
15 28
11 25
13 26
12 27
18 24
17 26
11 26
16 29
11 27
17 27
16 28
18 22
15 27
11 28
15 24
11 29
12 23
16 22
14 22
12 25
15 25
12 26
12 28
14 24
12 29
13 22
13 23
15 22
13 24
13 25
13 27
15 23
13 29
14 21
16 23
14 23
14 25
14 26
14 27
14 28
14 29
15 26
16 24
15 29
16 21
16 25
16 26
16 27
17 21
17 24
17 25
17 28
17 29
18 21
18 23
18 25
18 26
18 27
18 28
18 29
# default color
65 195 10
# id
44
# prosperity
100
# core prosperity
100
# terrain id
0
# culture id
-1

# land
# grid positions
14 15
16 20
14 16
15 17
14 17
16 18
14 18
19 22
15 15
16 19
14 19
14 20
15 16
15 18
15 19
19 15
15 20
16 15
16 16
16 17
17 15
17 16
17 17
17 18
17 19
17 20
18 15
18 16
18 17
18 18
18 19
18 20
19 16
19 17
19 18
19 19
19 20
19 21
# default color
65 195 10
# id
45
# prosperity
100
# core prosperity
100
# terrain id
0
# culture id
-1

# land
# grid positions
17 3
9 5
16 4
14 0
13 0
12 5
12 -2
9 -2
16 -1
10 -2
17 2
16 5
14 1
13 3
9 4
16 -2
9 -1
16 1
9 0
9 1
16 0
13 4
15 3
11 4
10 0
9 2
15 0
11 5
10 3
9 3
10 -1
12 1
10 1
15 1
12 2
10 2
11 0
12 0
17 4
10 4
11 3
10 5
11 -2
11 -1
15 4
17 5
13 2
12 3
11 1
11 2
12 -1
17 0
13 1
12 4
13 -2
13 -1
16 3
13 5
14 3
14 -2
14 -1
16 2
14 2
14 4
14 5
15 -2
15 -1
17 -2
15 2
15 5
17 -1
17 1
# default color
65 195 10
# id
46
# prosperity
100
# core prosperity
100
# terrain id
0
# culture id
-1

# land
# grid positions
0 5
5 1
1 2
0 -2
0 4
1 3
0 -1
3 -2
0 0
3 -1
0 1
0 2
0 3
5 -1
4 5
0 6
6 0
1 -2
4 1
2 5
7 -2
6 1
1 -1
1 0
1 1
5 4
4 -2
5 3
1 4
1 5
5 0
2 -2
1 6
4 -1
2 4
6 3
4 4
2 -1
2 0
6 4
2 1
2 2
2 3
6 -2
2 6
3 0
3 1
7 1
3 2
3 3
7 3
3 4
7 0
3 5
4 0
4 2
7 -1
4 3
5 -2
5 2
5 5
6 -1
6 2
6 5
7 2
7 4
7 5
8 -2
8 -1
8 0
8 1
8 2
8 3
8 4
8 5
# default color
65 195 10
# id
47
# prosperity
100
# core prosperity
100
# terrain id
0
# culture id
-1

# land
# grid positions
-6 2
-8 4
-3 5
-5 1
-8 -1
-8 0
-8 1
-8 2
-8 3
-3 -1
-6 3
-8 5
-5 3
-8 6
-5 2
-8 7
-6 6
-7 -1
-7 0
-7 1
-6 -1
-7 2
-1 5
-2 -1
-7 3
-5 5
-7 4
-3 6
-5 6
-7 5
-7 6
-5 4
-7 7
-6 0
-2 5
-6 1
-6 4
-2 1
-6 5
-2 6
-5 -1
-6 7
-3 4
-5 0
-4 -1
-4 0
-1 2
-4 1
-4 2
-4 3
-1 3
-4 4
-4 5
-2 3
-4 6
-1 1
-3 0
-3 1
-3 2
-1 4
-3 3
-2 0
-2 2
-2 4
-1 -1
-1 0
-1 6
# default color
65 195 10
# id
48
# prosperity
100
# core prosperity
100
# terrain id
0
# culture id
-1

# land
# grid positions
-17 9
-14 1
-15 9
-17 1
-17 2
-17 3
-17 4
-15 5
-17 5
-17 6
-17 7
-17 8
-16 1
-16 2
-10 5
-11 3
-14 8
-15 6
-14 9
-16 3
-10 3
-11 1
-13 1
-16 4
-16 5
-16 6
-10 1
-11 7
-9 4
-13 3
-15 2
-16 7
-13 2
-11 5
-16 8
-16 9
-11 2
-15 1
-10 4
-15 3
-15 4
-15 7
-13 5
-15 8
-12 5
-14 2
-9 1
-14 3
-12 3
-14 4
-14 5
-14 6
-12 1
-14 7
-13 4
-10 2
-12 4
-13 6
-13 7
-12 2
-12 6
-12 7
-11 4
-10 6
-11 6
-10 7
-9 2
-9 3
-9 5
-9 6
-9 7
# default color
65 195 10
# id
49
# prosperity
100
# core prosperity
100
# terrain id
0
# culture id
-1

# land
# grid positions
18 -4
17 -4
16 -5
18 -3
22 -2
21 -4
17 -5
16 -4
23 -3
16 -3
21 -2
17 -3
22 -4
20 -5
18 -5
24 -5
18 -2
18 -1
18 0
18 1
18 2
18 3
23 -4
19 -5
19 -4
23 -2
20 -3
19 -3
23 -5
20 -4
19 -2
19 -1
20 -1
19 0
19 1
19 2
24 -1
19 3
22 -1
21 -1
20 -2
20 0
21 0
20 1
23 1
20 2
20 3
21 -5
22 -3
21 -3
21 1
21 2
21 3
22 -5
22 0
22 1
22 2
22 3
23 -1
24 -3
23 0
23 2
23 3
24 -4
24 -2
24 0
24 1
24 2
24 3
18 4
19 4
20 4
22 4
21 4
23 4
24 4
# default color
65 195 10
# id
50
# prosperity
100
# core prosperity
100
# terrain id
0
# culture id
-1

# land
# grid positions
43 44
50 38
47 43
42 40
44 41
42 41
42 42
47 41
44 42
47 40
43 45
42 43
42 44
49 44
44 40
43 40
43 43
42 45
49 46
47 45
44 46
43 46
42 46
45 42
49 45
44 43
47 44
43 41
50 40
43 42
45 41
49 40
44 44
45 40
49 43
44 45
48 44
46 40
45 43
49 42
48 45
46 41
48 40
45 44
48 43
46 43
45 45
45 46
49 41
48 46
46 46
48 42
46 42
46 44
46 45
47 42
47 46
48 41
49 38
49 39
50 39
50 41
50 42
50 43
50 44
50 45
50 46
# default color
65 195 10
# id
51
# prosperity
100
# core prosperity
100
# terrain id
0
# culture id
-1

# land
# grid positions
82 35
83 36
89 36
82 36
82 37
82 38
83 37
89 37
82 39
90 38
84 40
82 40
83 35
87 37
85 35
83 38
88 40
83 39
83 40
84 35
84 36
86 36
84 37
84 38
84 39
85 36
85 37
85 38
85 39
85 40
86 35
86 37
86 38
86 39
86 40
87 36
87 38
89 40
87 39
87 40
90 39
89 39
88 36
90 36
89 38
88 37
90 37
88 38
88 39
90 40
# default color
65 195 10
# id
52
# prosperity
100
# core prosperity
100
# terrain id
0
# culture id
-1

# land
# grid positions
92 7
97 9
96 14
94 14
94 11
92 8
97 7
92 9
92 10
94 10
92 11
92 12
98 11
92 13
99 12
93 7
96 9
92 14
93 8
98 14
93 9
96 7
95 12
93 10
98 8
93 11
93 12
94 12
97 12
95 7
100 14
93 13
93 14
99 10
94 7
97 11
94 8
96 12
94 9
97 10
96 13
98 12
97 14
94 13
95 8
95 9
95 10
95 11
95 13
95 14
96 8
99 13
96 10
99 14
96 11
97 8
99 7
97 13
98 7
98 9
98 10
98 13
99 8
99 9
99 11
100 7
100 8
100 9
100 10
100 11
100 12
100 13
# default color
65 195 10
# id
53
# prosperity
100
# core prosperity
100
# terrain id
0
# culture id
-1

# land
# grid positions
102 17
101 19
103 13
101 11
101 12
105 12
101 13
101 14
101 15
105 19
104 16
101 16
102 16
103 15
101 17
102 18
107 11
101 18
102 11
105 15
102 12
104 13
102 13
102 14
102 15
103 11
102 19
104 18
108 17
103 12
107 17
108 19
103 14
103 16
106 12
103 17
107 13
105 11
103 18
104 15
103 19
104 11
106 14
104 12
104 14
105 18
104 17
104 19
105 13
105 14
107 14
105 16
105 17
107 15
106 11
106 13
108 11
106 15
108 12
106 16
106 17
106 18
106 19
107 12
107 16
107 18
107 19
108 13
108 14
108 15
108 16
108 18
# default color
65 195 10
# id
54
# prosperity
100
# core prosperity
100
# terrain id
0
# culture id
-1

# land
# grid positions
107 25
102 20
101 20
102 21
103 20
108 25
106 25
102 22
102 23
108 23
102 24
103 21
102 25
105 23
103 22
103 23
103 24
106 20
103 25
104 20
104 21
104 22
104 23
104 24
106 24
104 25
105 20
105 21
105 22
108 22
107 22
105 24
107 23
105 25
108 21
106 21
106 22
106 23
107 20
107 21
108 24
107 24
108 20
# default color
65 195 10
# id
55
# prosperity
100
# core prosperity
100
# terrain id
0
# culture id
-1

# land
# grid positions
100 30
100 31
102 26
108 30
107 30
106 30
105 32
104 27
100 32
101 30
101 31
104 32
103 26
101 32
102 27
105 31
104 28
102 28
102 29
102 30
102 31
102 32
107 26
103 27
103 28
103 29
103 30
103 31
103 32
107 31
104 26
105 30
104 29
104 30
108 26
106 26
104 31
107 28
105 26
107 29
106 27
105 27
105 28
108 29
105 29
106 28
107 27
106 29
108 27
106 31
108 28
106 32
107 32
108 31
108 32
# default color
65 195 10
# id
56
# prosperity
100
# core prosperity
100
# terrain id
0
# culture id
-1

# land
# grid positions
82 -3
85 -4
81 -5
82 0
82 -5
89 -2
82 -4
88 -5
82 -2
86 -5
82 -1
82 1
82 2
88 1
82 3
88 3
84 0
87 -4
83 -5
84 1
83 -4
87 -2
83 -3
83 -2
87 -5
83 -1
83 0
83 1
83 2
88 -1
83 3
86 -4
85 1
84 -5
85 2
84 -4
85 3
84 -3
86 -1
84 -2
84 -1
84 2
84 3
87 -1
86 0
85 -5
85 -3
86 3
85 -2
85 -1
85 0
86 -3
86 -2
86 1
86 2
87 -3
88 -3
87 0
87 1
87 2
87 3
88 -4
88 -2
88 0
88 2
89 -5
89 -4
89 -3
89 -1
89 0
89 1
89 2
89 3
# default color
65 195 10
# id
57
# prosperity
100
# core prosperity
100
# terrain id
0
# culture id
-1

# land
# grid positions
47 -4
45 -10
51 -10
47 -7
45 -9
49 -7
45 -8
45 -7
49 -5
45 -6
49 -8
45 -5
46 -10
45 -4
47 -5
45 -3
46 -9
48 -8
46 -8
52 -6
48 -7
46 -7
52 -5
46 -6
52 -8
46 -5
46 -4
46 -3
53 -10
47 -10
47 -9
51 -4
49 -10
47 -8
47 -6
48 -9
47 -3
50 -5
48 -10
50 -9
48 -6
48 -5
48 -4
51 -7
50 -3
48 -3
51 -8
52 -10
51 -3
52 -3
50 -7
49 -9
49 -6
49 -4
49 -3
53 -5
50 -10
50 -8
50 -6
50 -4
52 -9
51 -9
51 -6
51 -5
52 -7
52 -4
53 -9
53 -8
53 -7
53 -6
# default color
65 195 10
# id
58
# prosperity
100
# core prosperity
100
# terrain id
0
# culture id
-1

# land
# grid positions
45 -15
44 -16
40 -9
43 -14
41 -12
42 -12
48 -15
40 -17
45 -12
40 -16
46 -17
44 -14
40 -15
47 -16
46 -12
48 -12
40 -14
44 -9
41 -15
40 -13
47 -13
41 -16
46 -11
45 -11
48 -11
44 -12
43 -15
40 -12
41 -17
47 -11
43 -16
40 -11
40 -10
43 -13
44 -13
41 -11
42 -17
41 -14
41 -13
44 -10
41 -10
47 -14
44 -15
41 -9
42 -16
42 -15
42 -14
43 -17
42 -13
44 -11
43 -11
42 -11
42 -10
47 -12
42 -9
43 -12
47 -15
45 -17
43 -10
44 -17
43 -9
45 -16
45 -14
45 -13
46 -16
46 -15
46 -14
46 -13
47 -17
48 -17
48 -16
48 -14
48 -13
# default color
65 195 10
# id
59
# prosperity
100
# core prosperity
100
# terrain id
0
# culture id
-1

# land
# grid positions
33 -13
39 -14
33 -21
35 -15
39 -21
33 -20
33 -19
33 -18
39 -18
33 -17
33 -16
37 -14
33 -15
33 -14
34 -21
38 -15
34 -20
37 -15
41 -19
34 -19
38 -13
34 -18
37 -13
36 -14
34 -17
38 -19
36 -16
34 -16
34 -15
38 -17
34 -14
35 -13
34 -13
35 -21
35 -20
35 -19
35 -18
35 -17
35 -16
35 -14
36 -21
36 -20
36 -19
36 -18
40 -20
36 -17
38 -18
36 -15
38 -20
36 -13
39 -15
37 -21
37 -20
37 -19
39 -16
37 -18
37 -17
38 -14
37 -16
38 -21
38 -16
39 -20
39 -19
39 -17
39 -13
40 -21
40 -19
40 -18
41 -21
41 -20
41 -18
# default color
65 195 10
# id
60
# prosperity
100
# core prosperity
100
# terrain id
0
# culture id
-1

# land
# grid positions
40 -25
45 -20
40 -24
48 -21
41 -22
46 -25
44 -22
42 -22
40 -23
47 -24
46 -20
42 -21
40 -22
41 -23
43 -23
41 -25
47 -21
46 -19
45 -19
44 -20
42 -24
41 -24
42 -25
47 -22
44 -23
42 -23
48 -23
46 -23
42 -20
48 -22
46 -18
42 -19
44 -18
42 -18
43 -25
47 -19
43 -24
45 -23
44 -24
43 -22
45 -18
44 -21
43 -21
47 -23
45 -25
43 -20
47 -18
43 -19
43 -18
44 -25
44 -19
46 -22
45 -24
45 -22
46 -21
45 -21
48 -24
46 -24
47 -25
47 -20
48 -25
48 -20
48 -19
48 -18
# default color
65 195 10
# id
61
# prosperity
100
# core prosperity
100
# terrain id
0
# culture id
-1

# land
# grid positions
32 -21
32 -29
36 -28
39 -29
33 -28
32 -28
37 -28
37 -25
36 -26
32 -27
36 -29
35 -29
34 -29
32 -26
37 -27
32 -25
32 -24
38 -29
32 -23
32 -22
35 -23
39 -22
33 -29
33 -27
36 -25
34 -25
33 -26
39 -26
36 -27
33 -25
33 -24
37 -22
33 -23
33 -22
34 -28
38 -26
36 -23
34 -27
34 -26
34 -24
35 -27
34 -23
34 -22
35 -28
35 -26
35 -25
35 -24
35 -22
38 -27
36 -24
36 -22
39 -23
37 -29
39 -24
37 -26
37 -24
37 -23
38 -28
38 -25
38 -24
38 -23
38 -22
39 -28
39 -27
39 -25
40 -29
40 -28
40 -27
40 -26
# default color
65 195 10
# id
62
# prosperity
100
# core prosperity
100
# terrain id
0
# culture id
-1

# land
# grid positions
31 -20
27 -21
26 -17
30 -24
29 -18
28 -21
26 -25
31 -21
29 -19
28 -20
27 -18
26 -24
31 -22
28 -23
27 -23
26 -23
27 -20
26 -22
31 -24
28 -17
27 -17
26 -21
31 -17
27 -22
26 -20
31 -18
28 -19
26 -19
28 -18
27 -24
26 -18
32 -20
27 -25
27 -19
28 -25
30 -23
29 -23
28 -24
30 -17
29 -17
28 -22
31 -23
30 -25
29 -25
29 -24
30 -20
29 -22
29 -21
30 -18
29 -20
30 -22
30 -21
30 -19
31 -25
32 -17
31 -19
32 -19
32 -18
# default color
65 195 10
# id
63
# prosperity
100
# core prosperity
100
# terrain id
0
# culture id
-1

# land
# grid positions
46 -30
45 -32
39 -32
44 -31
38 -32
41 -26
38 -31
46 -28
38 -30
40 -30
39 -31
46 -32
39 -30
40 -32
44 -30
40 -31
45 -27
41 -32
41 -31
41 -30
46 -26
41 -29
45 -31
43 -30
41 -28
45 -26
43 -29
41 -27
42 -32
42 -31
42 -30
42 -29
42 -28
44 -27
42 -27
42 -26
43 -32
43 -31
43 -28
43 -27
43 -26
44 -32
44 -29
46 -27
44 -28
44 -26
45 -30
46 -29
45 -29
45 -28
46 -31
# default color
65 195 10
# id
64
# prosperity
100
# core prosperity
100
# terrain id
0
# culture id
-1

# land
# grid positions
33 -35
26 -27
28 -35
26 -35
28 -34
26 -34
26 -33
32 -35
26 -32
32 -34
30 -30
26 -31
28 -30
26 -30
26 -29
33 -34
26 -28
27 -35
29 -35
27 -34
27 -33
27 -32
31 -30
27 -31
27 -30
31 -28
27 -29
29 -34
27 -28
31 -34
27 -27
28 -33
32 -31
30 -31
28 -32
29 -31
33 -31
28 -31
32 -32
30 -32
34 -31
28 -29
30 -35
28 -28
30 -34
28 -27
29 -33
31 -31
29 -32
30 -28
29 -30
29 -29
30 -26
32 -30
29 -28
31 -29
29 -27
30 -33
32 -33
30 -29
25 -32
30 -27
31 -35
31 -33
31 -32
31 -27
33 -33
33 -32
33 -30
34 -35
34 -34
34 -33
34 -32
34 -30
25 -33
25 -31
25 -30
25 -29
25 -28
25 -27
25 -26
25 -25
26 -26
27 -26
28 -26
29 -26
31 -26
# default color
65 195 10
# id
65
# prosperity
100
# core prosperity
100
# terrain id
0
# culture id
-1

# land
# grid positions
38 -34
36 -31
35 -31
33 -37
34 -36
37 -31
33 -36
36 -36
39 -37
40 -35
35 -34
41 -34
36 -37
35 -37
34 -37
35 -36
35 -35
35 -33
38 -33
35 -32
38 -35
36 -32
35 -30
39 -34
36 -35
37 -33
36 -34
36 -33
36 -30
38 -37
37 -37
37 -36
37 -35
37 -34
37 -32
41 -37
37 -30
38 -36
39 -36
41 -36
39 -35
39 -33
40 -37
40 -36
40 -34
40 -33
41 -35
41 -33
# default color
65 195 10
# id
66
# prosperity
100
# core prosperity
100
# terrain id
0
# culture id
-1

# land
# grid positions
80 -18
75 -15
73 -17
72 -20
79 -17
74 -20
73 -20
77 -18
73 -19
80 -17
76 -18
75 -16
73 -18
73 -16
79 -16
73 -15
73 -14
79 -18
76 -19
75 -19
74 -19
74 -18
79 -20
74 -17
74 -16
76 -15
74 -15
78 -17
76 -14
74 -14
75 -20
75 -18
80 -12
75 -17
77 -15
75 -14
80 -19
78 -19
77 -19
76 -20
80 -20
78 -20
76 -17
76 -16
77 -20
79 -15
77 -17
77 -16
77 -14
78 -18
80 -16
78 -16
80 -15
78 -15
78 -14
79 -19
79 -14
80 -14
80 -13
# default color
65 195 10
# id
67
# prosperity
100
# core prosperity
100
# terrain id
0
# culture id
-1

# land
# grid positions
80 -11
83 -13
80 -10
80 -9
80 -8
86 -13
84 -6
80 -7
80 -6
81 -12
80 -5
85 -12
83 -7
81 -13
85 -10
81 -11
85 -13
81 -10
81 -9
81 -8
81 -7
81 -6
82 -13
82 -12
82 -11
82 -10
84 -9
83 -9
82 -9
84 -8
82 -8
82 -7
82 -6
83 -12
84 -11
83 -11
84 -12
83 -10
85 -9
83 -8
85 -11
83 -6
86 -12
84 -13
86 -9
84 -10
84 -7
85 -8
85 -7
85 -6
86 -11
86 -10
86 -8
86 -7
86 -6
# default color
65 195 10
# id
68
# prosperity
100
# core prosperity
100
# terrain id
0
# culture id
-1

# land
# grid positions
87 -19
79 -21
87 -13
80 -21
81 -20
86 -18
85 -20
83 -15
81 -21
87 -16
85 -18
81 -19
87 -15
85 -21
81 -18
82 -15
81 -17
81 -16
81 -15
81 -14
86 -20
84 -21
82 -21
85 -15
82 -20
84 -15
82 -19
82 -18
82 -17
82 -16
82 -14
87 -20
83 -21
83 -20
87 -18
84 -19
83 -19
87 -21
84 -20
83 -18
84 -17
83 -17
86 -17
85 -17
84 -18
83 -16
86 -19
85 -19
83 -14
84 -16
86 -21
84 -14
85 -16
85 -14
86 -16
86 -15
86 -14
87 -17
87 -14
# default color
65 195 10
# id
69
# prosperity
100
# core prosperity
100
# terrain id
0
# culture id
-1

# land
# grid positions
94 0
95 1
96 5
94 1
102 8
101 8
96 2
95 4
94 2
99 6
98 2
96 3
94 3
94 4
98 4
94 5
95 0
100 5
96 6
94 6
95 2
102 2
95 3
99 4
96 1
95 5
96 4
95 6
99 5
96 0
97 0
101 7
101 4
97 1
101 1
97 2
101 6
97 3
97 4
101 3
101 0
97 5
97 6
100 0
99 0
98 0
98 1
98 3
98 5
100 2
99 2
98 6
99 1
100 3
99 3
102 0
100 1
102 3
100 4
102 1
100 6
101 2
101 5
102 4
102 5
102 6
102 7
# default color
65 195 10
# id
70
# prosperity
100
# core prosperity
100
# terrain id
0
# culture id
-1

# land
# grid positions
109 7
101 9
103 7
103 8
101 10
102 10
109 9
107 4
103 5
108 4
102 9
103 4
103 6
106 4
103 9
103 10
105 7
104 4
109 5
105 6
104 5
104 6
104 7
104 8
106 8
104 9
108 9
106 9
104 10
105 4
108 5
106 5
105 5
107 6
105 8
109 12
107 7
105 9
105 10
106 6
106 7
108 10
106 10
107 5
107 8
109 10
107 9
107 10
108 6
109 6
108 7
108 8
109 4
109 8
109 11
# default color
65 195 10
# id
71
# prosperity
100
# core prosperity
100
# terrain id
0
# culture id
-1

# land
# grid positions
110 11
116 14
114 18
112 11
115 14
109 13
109 14
115 12
109 15
109 16
111 14
111 11
109 17
109 18
109 19
110 12
110 13
112 14
110 14
112 15
110 15
110 16
110 17
110 18
110 19
113 13
111 12
113 14
111 13
113 12
111 15
115 19
111 16
115 16
111 17
112 16
111 18
114 14
115 18
111 19
116 11
112 12
112 13
112 17
112 18
112 19
113 11
113 15
113 16
115 11
113 17
114 16
116 16
113 18
116 19
113 19
114 11
114 12
114 13
114 15
114 17
114 19
115 13
115 15
115 17
116 12
116 13
116 15
116 17
116 18
# default color
65 195 10
# id
72
# prosperity
100
# core prosperity
100
# terrain id
0
# culture id
-1

# land
# grid positions
111 26
110 20
109 20
109 21
109 22
109 23
116 27
109 24
110 24
111 22
113 27
116 26
109 25
113 24
115 23
109 26
116 24
109 27
113 26
110 25
110 21
115 27
110 22
115 26
110 23
111 20
116 25
112 26
110 26
112 27
111 23
110 27
112 25
111 21
112 22
111 24
112 21
111 25
112 23
114 22
111 27
112 20
112 24
113 20
113 21
113 22
113 23
113 25
116 20
114 20
115 20
114 21
114 23
114 24
114 25
114 26
114 27
116 23
115 21
116 22
115 22
115 24
115 25
116 21
# default color
65 195 10
# id
73
# prosperity
100
# core prosperity
100
# terrain id
0
# culture id
-1

# land
# grid positions
33 54
37 53
33 46
33 47
33 48
39 46
37 52
33 49
39 47
37 49
33 50
37 54
33 51
37 51
39 53
35 46
33 52
37 48
40 48
33 53
35 47
34 46
36 47
34 47
36 48
35 48
34 48
34 49
35 54
34 50
34 51
34 52
34 53
35 50
39 49
36 50
41 54
34 54
36 51
39 52
35 49
39 54
35 51
40 47
39 51
35 52
39 48
35 53
36 46
38 48
36 49
38 51
36 52
36 53
38 49
36 54
37 46
37 47
37 50
38 46
38 47
38 50
38 52
38 53
38 54
39 50
40 46
40 49
40 50
40 51
40 52
40 53
40 54
# default color
65 195 10
# id
74
# prosperity
100
# core prosperity
100
# terrain id
0
# culture id
-1

# land
# grid positions
41 61
36 55
42 54
36 56
38 56
37 56
36 57
36 58
39 57
37 55
39 60
36 59
38 59
36 60
37 60
36 61
39 55
37 57
38 58
37 58
39 61
38 57
37 59
41 60
37 61
40 59
38 55
38 60
40 61
38 61
43 59
39 56
39 58
39 59
40 55
42 59
40 56
42 56
40 57
44 57
40 58
42 57
40 60
41 55
41 56
43 54
43 55
41 57
43 60
41 58
43 61
41 59
42 55
44 58
42 58
44 56
42 60
42 61
43 56
43 57
43 58
44 54
44 55
44 59
44 60
44 61
# default color
65 195 10
# id
75
# prosperity
100
# core prosperity
100
# terrain id
0
# culture id
-1

# land
# grid positions
43 65
45 66
44 67
39 62
39 63
40 62
46 64
39 64
45 64
47 62
46 67
39 65
39 66
40 63
46 65
39 67
45 68
41 65
43 63
39 68
41 67
47 64
40 64
43 68
41 66
40 65
40 66
44 65
40 67
40 68
46 66
42 63
41 62
45 61
41 63
47 61
43 62
41 64
41 68
45 67
44 62
42 62
46 63
42 64
42 65
46 68
42 66
46 62
44 63
42 67
42 68
44 64
43 64
43 66
43 67
47 65
44 66
44 68
45 60
45 62
45 63
45 65
46 60
46 61
47 60
47 63
47 66
47 67
47 68
# default color
65 195 10
# id
76
# prosperity
100
# core prosperity
100
# terrain id
0
# culture id
-1

# land
# grid positions
48 65
51 68
52 68
50 68
47 69
46 69
54 67
48 61
54 68
52 69
48 62
54 69
48 63
53 66
48 64
51 69
53 64
52 65
48 66
53 67
48 67
49 67
52 67
48 68
48 69
52 64
50 64
49 66
49 61
53 61
49 62
49 63
52 66
49 64
49 65
51 62
49 68
49 69
51 63
50 61
51 66
50 62
50 63
50 65
54 65
50 66
52 62
50 67
50 69
51 61
51 64
51 65
51 67
52 61
54 66
52 63
53 62
53 63
53 65
53 68
53 69
54 61
54 62
54 63
54 64
# default color
65 195 10
# id
77
# prosperity
100
# core prosperity
100
# terrain id
0
# culture id
-1

# land
# grid positions
55 69
61 65
59 68
57 66
55 61
56 68
60 67
55 62
59 62
57 64
55 63
55 64
61 69
57 62
55 65
56 61
55 66
55 67
55 68
60 61
58 61
57 69
62 64
56 62
57 68
56 63
56 64
60 68
56 65
56 66
56 67
60 64
56 69
58 69
57 61
58 63
57 63
59 63
57 65
59 69
57 67
58 62
60 62
58 64
58 65
60 66
58 66
58 67
61 61
58 68
61 62
60 63
59 61
59 64
59 65
59 66
59 67
60 65
60 69
62 61
61 63
61 64
61 66
61 67
61 68
62 62
62 63
62 65
62 66
62 67
62 68
62 69
# default color
65 195 10
# id
78
# prosperity
100
# core prosperity
100
# terrain id
0
# culture id
-1

# land
# grid positions
69 69
63 69
65 62
63 61
69 62
66 67
63 62
63 63
63 64
63 65
63 66
63 67
65 61
63 68
64 61
66 64
68 61
70 68
64 62
70 69
64 63
64 64
67 69
67 68
64 65
64 66
64 67
64 68
65 67
69 65
64 69
65 66
65 63
65 64
66 62
69 68
68 69
65 65
69 67
65 68
67 62
70 64
69 64
68 65
67 63
65 69
66 61
66 63
66 65
68 62
66 66
68 68
70 67
66 68
66 69
69 66
67 61
68 64
67 64
68 67
67 65
68 66
67 66
67 67
68 63
69 61
69 63
70 61
70 62
70 63
70 65
70 66
# default color
65 195 10
# id
79
# prosperity
100
# core prosperity
100
# terrain id
0
# culture id
-1

# land
# grid positions
71 69
71 61
77 65
71 62
78 69
77 63
71 63
75 67
71 64
71 65
71 66
71 67
71 68
77 61
73 62
72 61
76 69
72 62
78 65
72 63
74 67
72 64
74 64
72 65
74 65
76 65
72 66
72 67
72 68
72 69
73 61
76 61
74 61
73 63
75 62
73 64
77 68
73 65
75 63
73 66
75 68
75 69
73 67
77 67
73 68
77 64
73 69
78 61
74 62
74 63
76 66
74 66
76 64
74 68
74 69
75 61
75 64
77 66
75 65
75 66
76 62
78 62
77 62
76 63
76 67
76 68
77 69
78 63
78 64
78 66
78 67
78 68
# default color
65 195 10
# id
80
# prosperity
100
# core prosperity
100
# terrain id
0
# culture id
-1

# land
# grid positions
85 69
79 69
83 68
79 61
81 67
79 62
85 67
79 63
85 68
79 64
79 65
85 65
79 66
82 62
79 67
83 63
81 69
79 68
80 61
84 69
80 62
86 69
80 63
80 64
84 68
80 65
84 65
80 66
80 67
84 67
80 68
84 64
80 69
82 69
81 61
85 61
81 62
81 63
81 64
81 65
81 66
83 62
81 68
82 61
84 63
82 63
82 64
82 65
84 61
82 66
86 62
85 62
82 67
82 68
83 61
83 64
83 65
83 66
83 67
85 66
83 69
84 62
84 66
86 61
85 63
85 64
86 63
86 64
86 65
86 66
86 67
86 68
# default color
65 195 10
# id
81
# prosperity
100
# core prosperity
100
# terrain id
0
# culture id
-1

# land
# grid positions
95 67
87 69
87 61
87 62
94 61
87 63
87 64
91 64
87 65
87 66
93 67
87 67
88 66
87 68
93 69
89 62
88 61
92 61
89 69
94 64
88 62
94 65
90 66
88 63
89 68
91 69
89 67
88 64
93 65
92 68
91 68
89 66
88 65
88 67
94 66
93 66
95 68
92 67
88 68
92 64
94 67
90 68
88 69
89 61
89 63
91 62
89 64
92 65
91 63
90 65
89 65
91 67
90 61
90 62
91 65
90 63
90 64
93 62
90 67
92 63
91 61
95 62
93 64
92 69
90 69
91 66
92 62
92 66
93 61
93 63
93 68
94 62
94 63
94 68
94 69
95 61
95 63
95 64
95 65
95 66
95 69
# default color
65 195 10
# id
82
# prosperity
100
# core prosperity
100
# terrain id
0
# culture id
-1

# land
# grid positions
101 64
97 69
99 63
97 61
101 69
97 62
97 63
97 64
103 62
101 68
97 65
103 63
101 65
97 66
97 67
103 69
101 67
97 68
99 62
98 61
98 62
104 61
100 63
98 63
100 64
99 64
105 64
98 64
98 65
98 66
98 67
98 68
98 69
99 61
101 66
103 68
100 67
99 65
103 65
100 66
99 66
99 67
103 67
99 68
103 64
99 69
102 68
100 61
100 62
102 64
100 65
102 67
100 68
100 69
101 61
101 62
101 63
102 61
102 62
102 63
102 65
102 66
102 69
103 61
103 66
104 62
104 63
104 64
104 65
104 66
96 69
104 67
104 68
104 69
105 61
105 62
105 63
105 65
105 66
105 67
96 65
105 68
105 69
96 61
96 62
96 63
96 64
96 66
96 67
96 68
# default color
65 195 10
# id
83
# prosperity
100
# core prosperity
100
# terrain id
0
# culture id
-1

# land
# grid positions
111 62
110 64
108 69
109 64
106 69
106 61
113 62
111 61
106 62
108 62
107 62
113 61
110 66
106 63
112 63
110 63
106 64
110 68
106 65
112 61
106 66
112 62
110 62
109 62
108 63
106 67
106 68
109 61
107 61
109 68
113 63
107 63
107 64
111 68
109 66
107 65
107 66
113 67
107 67
111 67
107 68
111 64
107 69
108 61
108 64
108 65
108 66
108 67
109 65
108 68
110 69
109 63
110 65
109 67
110 67
111 63
109 69
110 61
111 65
111 66
111 69
112 64
112 65
112 66
112 67
112 68
112 69
113 64
113 65
113 66
113 68
113 69
105 70
113 70
106 70
107 70
108 70
109 70
110 70
111 70
112 70
# default color
65 195 10
# id
84
# prosperity
100
# core prosperity
100
# terrain id
0
# culture id
-1

# land
# grid positions
108 54
112 57
107 54
114 60
106 54
106 55
112 55
114 54
106 56
107 60
111 59
107 55
112 56
109 60
108 57
106 57
111 57
108 58
106 58
112 54
111 56
106 59
113 60
108 56
107 56
106 60
111 60
107 57
109 58
108 59
114 56
107 58
107 59
110 54
108 55
113 56
109 57
108 60
109 54
109 55
112 60
113 59
109 56
111 54
110 56
109 59
113 58
110 57
110 55
110 58
112 58
112 59
111 55
110 59
110 60
111 58
113 54
113 55
113 57
114 55
114 57
114 58
114 59
114 61
114 62
# default color
65 195 10
# id
85
# prosperity
100
# core prosperity
100
# terrain id
0
# culture id
-1

# land
# grid positions
119 18
117 24
118 24
117 16
121 16
117 17
117 18
119 21
117 19
120 20
117 20
117 21
117 22
121 22
117 23
123 21
121 19
118 16
122 24
120 17
118 17
118 18
120 23
118 19
121 23
118 20
120 21
118 21
121 17
118 22
118 23
119 16
119 17
119 19
119 20
119 22
119 23
123 19
119 24
120 16
120 18
120 19
120 22
122 19
120 24
123 20
121 18
121 20
121 21
123 22
121 24
122 16
122 17
122 18
122 20
122 21
122 22
122 23
123 16
123 17
123 18
123 23
123 24
# default color
65 195 10
# id
87
# prosperity
100
# core prosperity
100
# terrain id
0
# culture id
-1

# land
# grid positions
74 -28
77 -23
81 -26
76 -24
75 -22
81 -27
78 -26
74 -27
81 -24
76 -26
75 -24
74 -26
74 -25
81 -25
75 -21
76 -21
75 -26
74 -24
74 -23
75 -28
74 -22
74 -21
75 -25
79 -26
75 -27
81 -23
75 -23
77 -27
81 -22
78 -27
76 -28
76 -27
78 -28
76 -25
79 -22
76 -23
81 -28
78 -25
76 -22
80 -22
77 -28
80 -24
77 -26
79 -23
77 -25
80 -26
77 -24
80 -28
77 -22
80 -25
77 -21
78 -24
78 -23
78 -22
78 -21
79 -28
79 -27
79 -25
79 -24
80 -27
80 -23
82 -28
82 -27
82 -26
82 -25
82 -24
82 -23
82 -22
# default color
65 195 10
# id
88
# prosperity
100
# core prosperity
100
# terrain id
0
# culture id
-1

# land
# grid positions
81 -36
75 -36
81 -35
75 -35
79 -34
82 -30
80 -35
76 -36
78 -35
75 -34
75 -33
75 -32
82 -29
75 -31
77 -31
76 -32
75 -30
75 -29
76 -29
76 -35
76 -34
80 -33
82 -32
80 -36
78 -36
76 -33
79 -30
76 -31
78 -33
76 -30
77 -36
77 -35
77 -34
77 -33
79 -31
81 -31
78 -30
77 -32
81 -29
77 -30
81 -32
78 -29
84 -32
77 -29
78 -34
80 -32
78 -32
80 -31
82 -34
78 -31
79 -36
82 -31
81 -33
79 -35
83 -28
81 -34
79 -33
79 -32
79 -29
80 -34
80 -30
82 -36
80 -29
81 -30
82 -35
82 -33
83 -36
83 -35
83 -34
83 -33
83 -32
83 -31
83 -30
83 -29
84 -36
84 -35
84 -34
84 -33
84 -31
84 -30
84 -29
84 -28
# default color
65 195 10
# id
89
# prosperity
100
# core prosperity
100
# terrain id
0
# culture id
-1

# land
# grid positions
85 -30
89 -29
86 -36
84 -37
89 -32
87 -31
85 -37
85 -36
89 -30
85 -35
87 -32
85 -34
85 -33
85 -32
91 -32
89 -34
85 -31
85 -29
88 -37
86 -37
90 -30
86 -35
86 -34
86 -33
86 -32
90 -34
88 -35
86 -31
86 -30
91 -34
92 -36
86 -29
87 -37
87 -36
91 -35
87 -35
90 -29
87 -34
87 -33
87 -30
87 -29
88 -36
91 -37
90 -33
89 -35
88 -34
90 -36
89 -36
88 -33
89 -37
88 -32
88 -31
88 -30
88 -29
91 -31
92 -31
89 -33
89 -31
91 -33
90 -37
92 -35
90 -35
90 -32
90 -31
91 -36
91 -30
91 -29
92 -37
92 -34
92 -33
92 -32
92 -30
92 -29
# default color
65 195 10
# id
90
# prosperity
100
# core prosperity
100
# terrain id
0
# culture id
-1

# land
# grid positions
99 -30
93 -29
93 -37
98 -33
94 -34
93 -36
95 -37
93 -35
93 -34
95 -31
93 -33
94 -33
99 -29
98 -29
93 -32
93 -31
99 -31
97 -37
93 -30
98 -32
100 -32
94 -37
95 -32
94 -36
95 -29
94 -35
96 -32
94 -32
96 -31
94 -31
100 -37
94 -30
96 -34
96 -33
94 -29
95 -35
99 -35
95 -36
99 -33
95 -34
99 -36
95 -33
98 -37
95 -30
100 -36
96 -37
96 -36
96 -35
96 -30
96 -29
97 -36
97 -35
97 -34
97 -33
97 -32
97 -31
97 -30
97 -29
98 -36
98 -35
98 -34
98 -31
98 -30
99 -37
99 -34
99 -32
100 -35
100 -34
100 -33
100 -31
100 -30
100 -29
# default color
65 195 10
# id
91
# prosperity
100
# core prosperity
100
# terrain id
0
# culture id
-1

# land
# grid positions
88 -44
92 -42
88 -43
96 -40
95 -44
89 -43
88 -42
96 -39
95 -41
89 -44
88 -41
94 -42
93 -44
88 -40
95 -39
94 -41
93 -41
88 -39
93 -38
89 -39
88 -38
96 -41
91 -40
89 -42
96 -42
95 -38
92 -39
91 -39
90 -39
89 -41
89 -40
92 -38
89 -38
94 -39
93 -39
92 -40
90 -44
90 -43
90 -42
94 -40
90 -41
96 -43
94 -43
90 -40
90 -38
91 -44
91 -43
93 -43
91 -42
91 -41
91 -38
92 -44
92 -43
92 -41
93 -42
93 -40
96 -44
95 -40
94 -44
94 -38
95 -43
96 -38
95 -42
# default color
65 195 10
# id
92
# prosperity
100
# core prosperity
100
# terrain id
0
# culture id
-1

# land
# grid positions
85 -41
79 -37
83 -40
81 -38
79 -45
82 -39
79 -44
79 -43
79 -42
79 -41
85 -44
79 -40
83 -39
81 -45
85 -39
79 -39
79 -38
83 -37
80 -45
82 -43
80 -44
80 -43
87 -44
83 -45
80 -42
80 -41
80 -40
86 -45
84 -38
80 -39
80 -38
80 -37
81 -44
87 -40
85 -42
81 -43
85 -45
81 -42
81 -41
81 -40
82 -37
81 -39
81 -37
82 -45
82 -44
82 -42
83 -41
84 -41
82 -41
84 -40
82 -40
82 -38
83 -44
84 -43
87 -42
83 -43
87 -45
84 -44
83 -42
85 -43
83 -38
86 -44
84 -45
86 -41
84 -42
84 -39
85 -40
85 -38
86 -43
86 -42
86 -40
86 -39
86 -38
87 -43
87 -41
87 -39
87 -38
# default color
65 195 10
# id
93
# prosperity
100
# core prosperity
100
# terrain id
0
# culture id
-1

# land
# grid positions
102 -41
95 -45
103 -45
100 -44
96 -45
97 -44
103 -38
99 -39
97 -45
100 -41
98 -41
97 -43
97 -42
103 -42
100 -43
97 -41
97 -40
101 -38
97 -39
97 -38
100 -45
99 -45
98 -45
98 -44
102 -42
100 -39
98 -43
98 -42
98 -40
99 -43
98 -39
98 -38
99 -44
99 -42
99 -41
99 -40
99 -38
101 -41
100 -42
102 -43
100 -40
102 -37
100 -38
103 -39
101 -45
101 -44
101 -43
103 -40
101 -42
101 -40
101 -39
101 -37
102 -45
102 -44
102 -40
102 -39
102 -38
103 -44
103 -43
103 -41
103 -37
# default color
65 195 10
# id
94
# prosperity
100
# core prosperity
100
# terrain id
0
# culture id
-1

# land
# grid positions
101 -36
101 -35
101 -34
103 -32
101 -33
102 -30
101 -32
102 -31
101 -31
105 -29
102 -36
101 -30
105 -32
104 -29
102 -29
101 -29
102 -35
102 -34
102 -33
102 -32
103 -36
103 -35
107 -33
106 -29
103 -34
103 -33
103 -31
103 -30
103 -29
108 -36
104 -37
104 -36
104 -35
108 -37
107 -37
105 -35
104 -34
105 -36
104 -33
105 -37
106 -35
104 -32
104 -31
105 -31
104 -30
108 -34
107 -32
106 -34
105 -34
107 -31
105 -33
105 -30
108 -33
106 -37
107 -30
106 -36
107 -29
106 -33
107 -34
106 -32
106 -31
107 -36
106 -30
107 -35
108 -35
108 -32
108 -31
108 -30
108 -29
# default color
65 195 10
# id
95
# prosperity
100
# core prosperity
100
# terrain id
0
# culture id
-1

# land
# grid positions
100 -28
98 -28
97 -28
98 -25
97 -27
97 -26
97 -25
104 -22
103 -26
97 -24
101 -22
97 -23
97 -22
97 -21
98 -27
104 -26
104 -21
98 -26
98 -24
99 -27
98 -23
98 -22
103 -28
98 -21
99 -28
99 -26
99 -25
105 -28
99 -24
104 -25
102 -25
103 -22
102 -26
100 -23
99 -23
102 -27
100 -24
99 -22
102 -28
100 -21
99 -21
100 -27
100 -26
100 -25
102 -21
100 -22
101 -21
101 -28
101 -27
103 -24
101 -26
101 -25
102 -22
101 -24
104 -27
102 -23
101 -23
102 -24
103 -27
103 -25
103 -23
103 -21
104 -28
104 -24
104 -23
105 -27
105 -26
105 -25
105 -24
105 -23
105 -22
105 -21
# default color
65 195 10
# id
96
# prosperity
100
# core prosperity
100
# terrain id
0
# culture id
-1

# land
# grid positions
98 -20
101 -15
97 -20
104 -19
100 -20
97 -19
100 -17
97 -18
103 -18
100 -19
97 -17
104 -15
97 -16
101 -14
97 -15
97 -14
97 -13
104 -18
98 -19
104 -13
98 -18
101 -13
102 -16
98 -17
98 -16
98 -15
98 -14
102 -20
100 -13
99 -13
98 -13
99 -20
99 -19
99 -18
99 -17
102 -17
99 -16
103 -14
102 -18
100 -15
99 -15
102 -19
100 -16
99 -14
101 -17
100 -18
102 -13
100 -14
101 -20
101 -19
103 -16
101 -18
101 -16
102 -15
104 -14
102 -14
103 -20
105 -20
103 -19
103 -17
103 -15
103 -13
104 -20
104 -17
104 -16
105 -19
105 -18
105 -17
105 -16
105 -15
105 -14
105 -13
# default color
65 195 10
# id
97
# prosperity
100
# core prosperity
100
# terrain id
0
# culture id
-1

# land
# grid positions
106 -13
110 -20
108 -17
106 -21
108 -16
106 -20
110 -18
106 -19
108 -18
106 -18
108 -13
106 -17
106 -16
106 -15
106 -14
109 -18
107 -21
107 -20
111 -18
108 -19
107 -19
107 -18
107 -17
107 -16
107 -15
109 -15
107 -14
107 -13
112 -16
108 -21
110 -19
108 -20
108 -15
112 -21
110 -17
108 -14
109 -21
109 -20
111 -21
109 -19
111 -15
109 -17
110 -14
109 -16
109 -14
110 -13
109 -13
110 -21
110 -16
110 -15
111 -20
111 -19
111 -17
111 -16
111 -14
111 -13
112 -20
112 -19
112 -18
112 -17
112 -15
112 -14
112 -13
# default color
65 195 10
# id
98
# prosperity
100
# core prosperity
100
# terrain id
0
# culture id
-1

# land
# grid positions
113 -17
117 -16
111 -12
118 -18
112 -12
119 -13
113 -20
119 -16
117 -18
113 -19
119 -15
115 -12
113 -18
113 -16
114 -13
113 -15
113 -14
119 -14
117 -12
113 -13
117 -15
113 -12
114 -20
114 -19
114 -18
116 -17
115 -17
114 -17
116 -16
114 -16
114 -15
114 -14
118 -15
114 -12
115 -20
119 -18
116 -19
115 -19
116 -20
115 -18
117 -17
115 -16
117 -20
115 -15
117 -19
115 -14
119 -12
115 -13
118 -17
116 -18
116 -15
116 -14
118 -12
116 -13
116 -12
117 -14
117 -13
118 -20
118 -19
118 -16
118 -14
118 -13
119 -20
119 -19
119 -17
# default color
65 195 10
# id
99
# prosperity
100
# core prosperity
100
# terrain id
0
# culture id
-1

# land
# grid positions
106 -24
106 -23
108 -23
107 -23
106 -22
108 -22
107 -24
107 -22
109 -23
108 -24
109 -24
109 -22
112 -24
110 -24
112 -23
110 -23
110 -22
111 -24
111 -23
111 -22
112 -22
# default color
65 195 10
# id
100
# prosperity
100
# core prosperity
100
# terrain id
0
# culture id
-1

# land
# grid positions
124 -18
120 -19
119 -21
122 -16
126 -19
120 -21
120 -20
120 -18
120 -17
120 -16
126 -18
125 -20
121 -21
126 -17
125 -17
120 -15
125 -14
122 -21
121 -15
120 -14
121 -16
120 -13
121 -20
123 -21
121 -19
125 -21
123 -16
121 -18
122 -15
124 -15
121 -17
123 -15
124 -14
121 -14
122 -19
121 -13
122 -20
125 -15
126 -15
124 -16
122 -18
125 -13
126 -21
124 -13
126 -16
122 -17
122 -14
126 -20
122 -13
123 -20
123 -19
127 -21
125 -19
123 -18
123 -17
123 -14
125 -18
124 -21
123 -13
124 -20
124 -19
124 -17
125 -16
126 -14
126 -13
127 -20
127 -19
127 -18
127 -17
127 -16
127 -15
127 -14
127 -13
# default color
65 195 10
# id
101
# prosperity
100
# core prosperity
100
# terrain id
0
# culture id
-1

# land
# grid positions
111 -25
106 -28
111 -26
108 -27
106 -27
107 -27
106 -26
111 -28
106 -25
107 -28
110 -27
109 -27
108 -28
107 -26
107 -25
108 -26
110 -28
108 -25
109 -28
109 -26
109 -25
110 -26
110 -25
111 -27
# default color
65 195 10
# id
102
# prosperity
100
# core prosperity
100
# terrain id
0
# culture id
-1

# land
# grid positions
46 49
41 52
45 51
44 50
50 48
49 50
43 50
49 51
43 51
45 49
44 52
51 50
47 51
41 50
43 52
47 52
45 50
44 51
45 52
49 47
42 50
42 51
42 52
49 52
46 48
44 53
41 53
45 48
42 53
47 48
41 51
51 51
43 53
46 52
48 47
46 47
49 53
46 50
46 53
45 47
45 53
46 51
47 47
47 49
48 48
48 49
49 48
49 49
47 50
50 53
48 50
48 54
50 49
50 50
48 51
48 52
50 51
47 53
48 53
46 54
47 54
45 54
50 47
51 47
51 48
51 49
50 52
49 54
50 54
51 52
51 53
51 54
# default color
65 195 10
# id
103
# prosperity
100
# core prosperity
100
# terrain id
0
# culture id
-1

